25.6500000000 68.7175969400 42.1890000000 25.9431874000 83.1609191600
54.2323000000 37.2078000000 16.6650143000 96.4025000000 48.2403000000
38.8025761500 02.6533506900 97.9761696000 67.1747217700 71.4267170000
54.6880000000 57.3660000000 07.3714153390 77.8017088000 51.5330000000
71.7645322400 17.2684320000 16.5019000000 41.8252554800 82.7981500000
93.4680200000 24.2308410000 08.8137000000 94.2869913800 84.6324330000
19.2463775900 24.0123631000 36.0885300000 83.3341040000 58.8408797800
58.9866235000 22.8050000000 52.8186000000 94.6278750000 88.4779000000
30.6580000000 46.2270173500 29.8746249000 13.4805350000 19.7010000000
15.3871835300 79.9479049000 54.3817999000 71.2815825000 65.9847020000
18.4930000000 33.8420812100 26.3176800000 58.9595900000 09.6269300000
90.7410000000 87.2783300000 29.8388064000 54.2262954000 22.7888000000
90.6700000000 77.9731073500 94.0285020000 51.4795818100 43.5049000000
62.5205528000 54.2938520000 78.4370000000 18.4092600000 99.8734000000
86.8866980000 63.4839148000 53.2645581000 36.6962032000 43.5860000000
03.0958510000 56.8700000000 46.8683116000 22.0890771100 16.9095486000
42.0553760000 61.3040811000 26.0150669000 17.0554819900 58.5866194400
64.1294760000 66.0293700000 04.9941126000 95.9920000000 64.0608805900
86.7147610000 20.4635500000 26.7920000000 07.1455000000 36.8020000000
15.8740000000 82.6635168000 03.2384000000 19.1260810000 70.7060000000
38.8022100000 97.3010000000 34.0303000000 03.3413704450 76.0673700000
23.7970144000 99.7718790000 08.9345752400 76.3946340700 95.7530000000
96.0280500000 70.6450010000 78.3050000000 12.4454100000 66.4223900000
29.5511837000 90.9479730000 76.5539800000 25.7907265000 04.4631607000
52.2732000000 01.0956304000 19.7527790000 59.9146200000 74.8448100000
22.5209900000 43.0409950000 02.7646520000 95.2404410000 82.5689100000
59.8824300000 75.3527234000 96.7106962400 94.5526700000 19.6159100000
39.1646000000 39.8538000000 81.5860000000 14.2096000000 35.0576000000
68.9256000000 09.6448279100 73.3522000000 28.1080000000 66.6532550000
01.5442000000 53.4202485400 64.2620000000 97.6267082900 89.2470000000
49.2640000000 03.5933259000 68.5696680000 60.4750000000 55.2219470000
14.1081540000 22.6310000000 18.0993943600 29.1644748000 92.5042526100
54.9885520000 74.5983830000 57.9149370000 99.4658000000 79.4350000000
57.5497000000 73.5132197500 52.2320000000 93.4217000000 86.3298900000
31.6653800000 27.5230000000 17.1848800000 06.3820310000 06.4586000000
62.7147537200 05.2285559000 38.0351000000 17.3976760000 36.2730960000
32.4675801900 50.4940000000 11.8637913200 33.5751670000 04.3802600000
94.4004300000 90.3720076200 03.6962609250 34.0628600000 88.7418300000
34.9190000000 37.0901380000 23.3650000000 07.4173710000 19.2103500000
43.1271100000 34.9786650000 19.6483230000 44.5096573600 91.9297400000
96.3496000000 62.5164464600 45.8588200000 35.3272370000 16.0910000000
27.9086500000 46.4756323000 13.5650000000 93.3915253000 77.1803960000
57.2780400000 86.5168000000 69.4346071000 30.1666000000 01.3199554640
67.2227100000 39.1738500000 18.8659863200 38.8876297000 28.2507267000
81.0283000000 95.1910000000 32.7722000000 91.4055118000 01.5396000000
29.9884400000 41.3130350000 59.0633267000 76.9112680000 35.9690840000
43.6980000000 35.6797700000 80.0313299500 07.6697156000 12.4307934400
52.2033000000 07.5612000000 15.9352350000 68.8832561800 19.9891000000
43.0620000000 85.7903431000 85.8721200000 31.1947181000 11.3150000000
27.9227000000 66.4835795000 75.4522000000 71.2219800000 88.8970500000
51.4526000000 32.3409665000 35.8325900000 28.0203380000 61.6690000000
76.5442032000 63.4890000000 78.8276658600 56.0712728800 62.7423009000
67.1985900000 19.0907554000 18.9809000000 22.0205730000 65.5629487000
37.3246669000 57.1592116000 05.7962900000 46.3130000000 59.0130000000
39.9539162000 20.4490000000 38.8916171000 67.1273000000 63.5253082000
40.5994409000 24.9169178000 58.4127700000 89.4601690000 65.6943700000
62.5112100000 30.3664750000 58.4060000000 35.3054000000 70.5057970000
38.7050000000 27.8720079000 84.1494500000 83.0518880000 53.0738909500
99.2026099500 71.6460000000 47.9548000000 67.6302200000 00.1046945540
55.1470000000 59.2902656000 61.0944644600 70.5616000000 81.3806572800
00.8753100000 51.8961302000 95.2880500000 53.2365800000 95.6955497900
31.0475722000 55.0400740000 47.3445000000 18.7499196000 63.2227000000
28.5224260000 05.9375088300 89.6125833500 75.8127600000 22.1045767000
24.8438000000 96.6336000000 09.5471000000 83.4495000000 60.5183520000
50.2011579000 75.7137680000 14.9465300000 98.0084770000 12.4617335000
55.0498000000 00.2097690453 38.5776312800 55.3549043000 55.9640000000
16.9313768300 47.4619200000 88.1520000000 75.2215000000 14.2661000000
93.2629000000 88.8920000000 36.3148583000 61.7140796000 97.3676000000
35.7456500000 90.9475280000 73.7207130300 86.0628764300 00.6459562583
34.7286030400 69.5780300000 65.0159427000 06.1293000000 76.8572650000
42.3153000000 59.2256919500 93.0053000000 26.8780000000 22.2061396700
69.7440000000 22.0078400000 03.5105236300 58.9127579000 91.7646000000
02.6954732000 41.6820000000 59.8871900000 21.8907028000 13.9057840000
08.8288055800 80.4266400000 23.4144580000 15.8200000000 83.8160660000
70.6285395400 10.3790000000 30.7543700000 15.3140000000 18.7025186000
32.1810000000 73.1883000000 42.7740000000 03.8389912000 85.3459293000
00.9768077930 24.2459000000 05.1615378350 09.6226400000 18.1338000000
38.9080500000 50.5621840000 11.7860000000 84.2291700000 84.1744953900
38.9577622300 79.0731021000 13.1681000000 78.6110000000 09.0720690000
84.6302900000 37.0390485000 40.0711000000 21.6457830000 53.9496000000
01.2062000000 75.5048858000 98.2039544600 55.8373650000 68.7335720000
82.3667237000 50.2212400000 77.3390790000 21.0425284000 30.5337724000
68.4487000000 80.6832000000 47.6708000000 15.5389000000 60.2735029700
11.1445917000 50.0109000000 67.0237900000 76.2480000000 23.2461379000
78.9491600000 20.1712440000 16.5566400000 60.0153298000 00.2948902000
87.5834510000 92.4460000000 41.7158000000 79.5931800000 17.9560000000
85.4877563000 29.4962000000 11.6038418300 53.5320000000 69.6805079600
66.9474700000 64.7148904000 99.6759590000 65.0509000000 98.7562000000
38.8808300000 95.3129460000 27.0481100000 81.3561000000 21.8504000000
01.0023001300 78.5910000000 35.1310000000 66.1761812000 73.1857905000
53.5443140000 22.9580000000 02.6300850000 39.4201251000 30.1761000000
70.9663000000 30.6039609000 34.1411030000 39.0099700000 24.6672000000
26.1775900000 47.4183719800 39.3161000000 79.6714120000 29.4976242300
69.8870000000 63.2266200000 27.5768800000 62.8000000000 62.1190000000
44.3440000000 74.9406000000 32.5455377000 34.5898550000 99.6886660000
14.9480000000 72.3303865000 81.3640000000 46.8859330000 79.4324000000
88.8872963000 86.6254000000 47.1031750000 25.6842000000 75.8359652500
13.5509065400 86.9882000000 85.1860000000 57.7690000000 52.5609598100
82.8308000000 40.9740000000 00.8462424800 00.7041194700 32.4720000000
34.4620000000 54.0081000000 48.7630000000 20.8477000000 43.3349041500
