# 
# Tue Apr 29 12:58:29 PDT 2014
# 
26.179  29.535  20.360  18.384  13.058 
27.737  34.267  18.038  32.563  29.923 
11.604  30.437  25.677  24.088  13.341 
33.081  11.977  22.498  32.793  26.022 
10.796  13.762  33.096  10.826  36.161 
10.850  23.808  11.923  12.766  28.516 
11.164  31.736  11.062  28.582  26.185 
15.973  23.598  27.127  19.939  34.133 
22.208  19.820  34.852  21.779  18.202 
24.193  28.372  18.855  18.639  33.006 
13.238  29.747  27.332  18.523  30.952 
21.857  32.566  18.522  28.987  23.903 
15.164  33.678  22.563  35.151  21.083 
31.166  32.382  27.254  22.577  35.069 
21.803  27.488  33.759  15.497  27.942 
17.223  36.168  35.986  34.028  33.594 
31.613  18.751  17.653  13.033  12.125 
21.700  27.449  19.306  33.473  18.248 
27.364  19.574  14.753  28.806  11.416 
33.290  31.624  32.359  17.966  19.350 
14.594  36.003  32.639  31.515  25.539 
17.254  31.300  28.246  35.092  23.496 
16.231  12.324  35.536  19.525  29.738 
26.853  19.153  20.432  30.493  12.402 
22.780  11.031  32.210  26.847  28.062 
11.890  32.092  36.090  29.605  12.269 
35.434  29.663  11.639  13.240  21.743 
19.471  27.833  28.050  26.401  14.801 
14.852  24.516  26.701  28.004  35.187 
21.828  26.001  12.747  32.699  13.545 
16.054  35.845  23.861  25.545  30.494 
13.000  24.451  13.376  16.663  27.669 
25.709  35.294  19.136  22.017  31.230 
11.518  21.781  11.039  33.481  17.705 
21.927  14.838  27.779  32.259  18.371 
14.401  11.907  22.639  34.932  26.705 
32.228  16.568  19.292  24.807  35.579 
15.174  34.186  22.267  27.198  28.283 
16.525  23.853  21.271  16.087  35.643 
33.079  24.355  12.833  19.263  30.069 
31.625  14.142  32.700  36.094  21.119 
24.752  35.597  31.901  21.153  30.861 
14.342  19.138  27.479  29.282  20.331 
23.925  11.271  22.854  32.549  15.470 
14.760  13.389  26.681  13.901  24.124 
19.126  17.635  33.753  32.420  15.182 
22.585  26.978  35.899  22.286  20.144 
35.183  19.563  13.697  28.188  18.288 
30.429  35.101  17.818  35.586  32.938 
28.613  33.744  28.453  15.714  14.910 
17.010  21.799  29.850  21.529  19.206 
23.462  35.161  27.127  25.044  18.077 
25.769  30.251  14.173  23.460  18.153 
16.017  16.286  26.989  34.361  33.402 
33.541  26.408  33.450  21.668  24.254 
10.929  31.729  34.063  33.451  19.418 
36.027  24.391  26.240  21.507  25.569 
25.602  17.722  32.367  29.541  12.550 
32.673  27.431  28.461  15.152  21.827 
12.734  11.535  17.159  19.345  20.422 
12.591  12.248  18.599  21.891  17.424 
24.698  12.362  22.381  34.137  32.250 
26.380  20.435  26.557  20.624  31.253 
21.622  12.753  26.184  28.299  36.063 
12.693  16.999  30.032  32.210  22.760 
32.316  15.246  35.564  33.076  22.393 
14.542  23.326  27.207  14.295  20.898 
14.628  35.816  32.385  15.660  32.509 
11.474  10.951  14.866  29.542  15.016 
14.609  23.613  33.689  18.272  31.604 
29.053  18.122  26.690  35.318  29.372 
32.651  34.003  16.326  33.431  26.622 
25.144  15.728  30.552  31.253  28.676 
22.573  12.077  30.133  16.078  20.732 
19.153  33.141  16.147  24.365  18.946 
34.721  33.608  29.713  22.384  23.264 
11.962  22.350  30.412  27.398  11.984 
14.144  34.418  27.867  35.215  21.012 
23.725  32.709  26.294  14.410  14.893 
33.181  29.936  18.560  21.211  30.157 
35.985  17.064  13.657  19.381  20.122 
21.340  29.772  30.978  19.683  26.529 
15.263  20.560  13.145  26.907  13.007 
35.180  28.400  28.233  13.568  34.511 
27.205  18.409  22.816  35.738  20.535 
17.841  17.980  32.443  24.205  25.000 
17.673  29.060  24.589  26.228  16.740 
31.138  20.823  32.778  17.903  31.205 
25.750  27.920  20.586  19.966  28.289 
12.871  19.971  35.412  13.703  21.452 
34.847  16.520  12.425  12.605  27.541 
28.439  11.037  20.655  24.135  28.481 
14.146  21.053  23.344  30.841  21.750 
30.823  35.163  17.200  15.506  16.540 
34.466  14.450  27.479  25.338  31.966 
17.790  33.163  19.867  16.376  14.496 
21.454  19.068  34.753  14.219  25.934 
21.830  28.576  26.929  26.103  26.560 
19.005  13.958  19.964  14.322  16.659 
26.194  10.750  30.539  32.722  33.954 
